/Users/takahiromatsunaga/res2023/bledata/ble_timegroup/20230130_08/20230130_0845_20sec_end162021_under10step
1256サンプルにたいして

パターン: (4, 23, 15, 15, 16)，出現回数: 2
パターン: (1, 6, 6, 6, 6, 20)，出現回数: 1
パターン: (2, 2, 2, 2, 15, 15, 15, 16, 16)，出現回数: 1
パターン: (2, 2, 22, 22, 15, 15, 16)，出現回数: 1
パターン: (4, 15, 15, 23, 16, 16)，出現回数: 1
パターン: (7, 21, 6, 6, 6, 6, 19, 20)，出現回数: 1
パターン: (22, 22, 15, 15, 16)，出現回数: 15
パターン: (1, 2, 2, 2, 2, 15, 15, 16)，出現回数: 1
パターン: (1, 23, 7, 19, 19, 20, 20)，出現回数: 1
パターン: (2, 2, 2, 2, 2, 15, 15, 15, 16)，出現回数: 1
パターン: (2, 22, 23, 23, 19, 20, 20)，出現回数: 1
パターン: (23, 16, 19, 19, 19, 7, 21)，出現回数: 1
パターン: (4, 5, 6, 6, 20, 20, 20)，出現回数: 14
パターン: (3, 22, 5, 15, 15, 23, 16, 16)，出現回数: 1
パターン: (3, 3, 3, 2, 2, 2, 15, 16, 16)，出現回数: 1
パターン: (6, 6, 6, 20, 7, 21)，出現回数: 1
パターン: (5, 6, 6, 20, 20, 20, 21)，出現回数: 2
パターン: (1, 6, 20, 7, 7, 21)，出現回数: 2
パターン: (6, 6, 6, 7, 7, 21, 20)，出現回数: 1
パターン: (2, 2, 15, 15, 16)，出現回数: 34
パターン: (2, 2, 15, 15, 15, 16, 16)，出現回数: 4
パターン: (4, 5, 5, 6, 20, 7, 7, 21, 21)，出現回数: 1
パターン: (5, 15, 19, 19, 20)，出現回数: 1
パターン: (2, 2, 2, 15, 15, 16)，出現回数: 21
パターン: (1, 6, 6, 19, 7, 21, 20, 20)，出現回数: 1
パターン: (5, 23, 18, 19, 19, 20, 20)，出現回数: 3
パターン: (1, 5, 6, 6, 6, 20, 20, 21)，出現回数: 1
パターン: (5, 6, 6, 20, 20, 20)，出現回数: 2
パターン: (5, 23, 19, 19, 20)，出現回数: 4
パターン: (4, 5, 23, 23, 19, 19, 7, 21, 21)，出現回数: 2
パターン: (1, 5, 6, 6, 20, 20, 20, 20, 21)，出現回数: 1
パターン: (5, 6, 6, 6, 19, 7, 21)，出現回数: 2
パターン: (4, 15, 23, 16, 16)，出現回数: 2
パターン: (19, 6, 6, 6, 20, 20, 21, 20)，出現回数: 1
パターン: (22, 22, 23, 19, 19, 20)，出現回数: 1
パターン: (5, 16, 19, 19, 20, 20)，出現回数: 1
パターン: (20, 20, 20, 19, 23, 18)，出現回数: 1
パターン: (4, 5, 6, 6, 6, 20, 21)，出現回数: 1
パターン: (23, 15, 23, 16, 16)，出現回数: 1
パターン: (5, 15, 15, 16, 16)，出現回数: 2
パターン: (2, 3, 5, 6, 6, 20, 21, 21)，出現回数: 1
パターン: (1, 2, 2, 2, 15, 15, 16)，出現回数: 1
パターン: (5, 5, 6, 6, 6, 20, 20)，出現回数: 3
パターン: (1, 3, 2, 2, 2, 15, 15, 15, 16)，出現回数: 1
パターン: (4, 3, 2, 2, 2, 15, 15, 15, 16)，出現回数: 2
パターン: (4, 2, 6, 6, 19, 20, 20, 20)，出現回数: 1
パターン: (19, 4, 15, 15, 15, 16, 16)，出現回数: 1
パターン: (4, 4, 5, 6, 6, 6, 20, 20)，出現回数: 1
パターン: (4, 4, 23, 23, 19, 19, 20, 20)，出現回数: 1
パターン: (4, 18, 15, 15, 16)，出現回数: 2
パターン: (22, 22, 5, 23, 19, 19, 20)，出現回数: 1
パターン: (4, 23, 16, 19, 19, 20, 20, 20)，出現回数: 1
パターン: (5, 6, 6, 6, 20)，出現回数: 1
パターン: (3, 4, 5, 6, 6, 20, 20, 21, 21)，出現回数: 1
パターン: (2, 2, 2, 2, 15, 15, 16)，出現回数: 9
パターン: (6, 6, 20, 20, 21, 7, 7, 21, 21)，出現回数: 1
パターン: (1, 2, 2, 15, 15, 16)，出現回数: 4
パターン: (5, 5, 6, 6, 7, 7, 21, 21)，出現回数: 4
パターン: (2, 3, 5, 6, 6, 20, 7, 21)，出現回数: 3
パターン: (4, 23, 19, 19, 20, 20)，出現回数: 1
パターン: (3, 5, 5, 6, 20, 20, 20)，出現回数: 1
パターン: (18, 16, 19, 19, 20, 20)，出現回数: 1
パターン: (5, 18, 23, 19, 19, 20, 21, 21)，出現回数: 1
パターン: (4, 15, 15, 15, 16, 16)，出現回数: 1
パターン: (3, 4, 4, 23, 15, 15, 16)，出現回数: 1
パターン: (4, 6, 18, 19, 19, 19, 20)，出現回数: 1
パターン: (3, 2, 2, 2, 15, 15, 16)，出現回数: 3
パターン: (2, 22, 22, 15, 15, 16)，出現回数: 4
パターン: (2, 22, 22, 15, 16, 16)，出現回数: 3
パターン: (5, 2, 2, 2, 2, 15, 15, 16)，出現回数: 1
パターン: (6, 6, 20, 20, 20, 20)，出現回数: 6
パターン: (6, 6, 6, 19, 7, 21)，出現回数: 1
パターン: (3, 5, 6, 6, 20, 20, 20)，出現回数: 1
パターン: (2, 2, 2, 15, 16, 16)，出現回数: 3
パターン: (22, 22, 22, 15, 15, 16)，出現回数: 2
パターン: (23, 19, 19, 19, 20, 21, 21)，出現回数: 4
パターン: (2, 4, 5, 5, 6, 20, 20, 20)，出現回数: 1
パターン: (18, 5, 23, 18, 15, 23)，出現回数: 1
パターン: (3, 22, 23, 18, 19, 19, 20)，出現回数: 1
パターン: (5, 5, 6, 6, 19, 7, 20, 20, 20)，出現回数: 1
パターン: (22, 23, 23, 19, 19, 20, 21)，出現回数: 2
パターン: (2, 6, 20, 7, 21)，出現回数: 1
パターン: (19, 4, 23, 15, 16)，出現回数: 1
パターン: (22, 22, 15, 23, 15, 15, 16)，出現回数: 1
パターン: (5, 2, 2, 15, 15, 16)，出現回数: 1
パターン: (6, 20, 7, 7, 21)，出現回数: 2
パターン: (6, 6, 20, 20, 21)，出現回数: 5
パターン: (3, 2, 2, 15, 16)，出現回数: 1
パターン: (5, 16, 23, 19, 19, 19, 21, 21, 21)，出現回数: 1
パターン: (4, 3, 2, 2, 2, 15, 15, 16, 16)，出現回数: 3
パターン: (22, 15, 15, 15, 16)，出現回数: 2
パターン: (2, 2, 15, 16, 16)，出現回数: 2
パターン: (23, 23, 19, 19, 19, 20, 20, 20)，出現回数: 1
パターン: (22, 22, 15, 23, 19, 19, 19, 20, 21)，出現回数: 1
パターン: (6, 6, 6, 6, 6, 6, 6, 21)，出現回数: 1
パターン: (4, 5, 16, 15, 15, 15, 16, 16)，出現回数: 1
パターン: (3, 4, 5, 6, 6, 19, 20)，出現回数: 2
パターン: (23, 15, 15, 16, 16)，出現回数: 8
パターン: (2, 22, 23, 19, 19, 19, 21)，出現回数: 1
パターン: (2, 2, 15, 15, 16, 16)，出現回数: 11
パターン: (6, 6, 6, 6, 20, 20)，出現回数: 1
パターン: (1, 3, 5, 5, 6, 6, 20, 20)，出現回数: 1
パターン: (3, 3, 2, 2, 2, 15, 15, 16, 16)，出現回数: 2
パターン: (2, 22, 23, 23, 23, 19, 19, 20, 20)，出現回数: 1
パターン: (23, 23, 23, 15, 16)，出現回数: 2
パターン: (6, 6, 7, 7, 21)，出現回数: 2
パターン: (22, 22, 22, 15, 16, 16)，出現回数: 7
パターン: (3, 2, 23, 23, 23, 19, 19, 20)，出現回数: 1
パターン: (22, 23, 16, 19, 19, 20, 7, 21)，出現回数: 1
パターン: (21, 21, 19, 19, 16)，出現回数: 1
パターン: (22, 22, 15, 16, 16)，出現回数: 18
パターン: (2, 3, 5, 6, 19, 20, 20)，出現回数: 1
パターン: (5, 15, 23, 15, 16)，出現回数: 1
パターン: (5, 6, 19, 19, 20, 20)，出現回数: 3
パターン: (22, 22, 22, 22, 15, 16)，出現回数: 2
パターン: (6, 6, 20, 20, 20)，出現回数: 24
パターン: (2, 4, 5, 6, 6, 20, 20, 21)，出現回数: 1
パターン: (3, 2, 2, 2, 2, 15, 15, 16)，出現回数: 3
パターン: (6, 20, 20, 20, 21, 21, 21, 21)，出現回数: 1
パターン: (4, 4, 23, 23, 15, 15, 16)，出現回数: 1
パターン: (1, 1, 2, 2, 2, 2, 15, 15, 16)，出現回数: 1
パターン: (5, 6, 19, 19, 19, 20, 21, 21, 21)，出現回数: 1
パターン: (5, 15, 15, 15, 16, 16)，出現回数: 2
パターン: (2, 6, 6, 7, 7, 21)，出現回数: 1
パターン: (5, 15, 15, 15, 16)，出現回数: 4
パターン: (2, 15, 15, 16, 16)，出現回数: 5
パターン: (4, 16, 23, 19, 19, 20, 20)，出現回数: 1
パターン: (4, 5, 6, 6, 20, 20)，出現回数: 3
パターン: (6, 20, 20, 20, 20)，出現回数: 6
パターン: (4, 6, 6, 20, 21)，出現回数: 2
パターン: (4, 5, 6, 6, 6, 20, 20)，出現回数: 3
パターン: (2, 15, 15, 15, 16)，出現回数: 9
パターン: (5, 23, 19, 19, 21)，出現回数: 1
パターン: (4, 6, 6, 6, 20, 21)，出現回数: 2
パターン: (2, 2, 2, 2, 15, 15, 16, 16)，出現回数: 3
パターン: (3, 5, 5, 6, 20, 20)，出現回数: 1
パターン: (4, 6, 6, 6, 20, 20, 21)，出現回数: 1
パターン: (15, 16, 16, 19, 20, 21)，出現回数: 1
パターン: (22, 23, 23, 19, 19, 20)，出現回数: 1
パターン: (1, 6, 6, 20, 20)，出現回数: 2
パターン: (3, 4, 5, 6, 6, 20, 21, 21)，出現回数: 3
パターン: (4, 6, 6, 20, 20)，出現回数: 3
パターン: (2, 22, 22, 15, 16)，出現回数: 6
パターン: (5, 6, 19, 19, 20, 21, 21)，出現回数: 1
パターン: (1, 5, 5, 6, 6, 20, 20, 21)，出現回数: 1
パターン: (1, 4, 4, 4, 20, 21)，出現回数: 1
パターン: (2, 22, 23, 15, 15, 15, 16)，出現回数: 1
パターン: (2, 2, 15, 15, 15, 16)，出現回数: 15
パターン: (5, 5, 18, 23, 15, 16)，出現回数: 1
パターン: (2, 2, 2, 2, 2, 15, 16, 16)，出現回数: 2
パターン: (5, 22, 2, 22, 22, 15, 15, 16, 16)，出現回数: 1
パターン: (20, 21, 7, 19, 20, 6, 20)，出現回数: 1
パターン: (23, 23, 19, 19, 20, 21)，出現回数: 1
パターン: (3, 6, 6, 19, 20, 20, 20)，出現回数: 1
パターン: (3, 22, 5, 16, 18, 19, 19, 20, 20)，出現回数: 1
パターン: (23, 5, 23, 15, 15, 16, 16)，出現回数: 1
パターン: (1, 1, 1, 1, 20)，出現回数: 1
パターン: (1, 6, 6, 20, 20, 21)，出現回数: 1
パターン: (6, 6, 6, 6, 20)，出現回数: 1
パターン: (4, 5, 5, 5, 5, 5, 18)，出現回数: 1
パターン: (5, 23, 19, 19, 20, 20)，出現回数: 4
パターン: (4, 5, 16, 19, 19, 20, 20, 21)，出現回数: 1
パターン: (3, 22, 2, 22, 15, 16, 16)，出現回数: 1
パターン: (5, 5, 6, 6, 20, 20, 20, 20)，出現回数: 1
パターン: (22, 22, 22, 15, 16)，出現回数: 15
パターン: (6, 20, 20, 20, 20, 21)，出現回数: 1
パターン: (2, 6, 20, 7, 7, 21)，出現回数: 1
パターン: (5, 18, 23, 19, 19, 20, 21)，出現回数: 1
パターン: (6, 19, 7, 7, 7, 21)，出現回数: 1
パターン: (18, 23, 19, 19, 19, 20)，出現回数: 1
パターン: (2, 4, 23, 23, 19, 20, 20)，出現回数: 1
パターン: (5, 23, 23, 19, 19, 21, 21)，出現回数: 2
パターン: (5, 16, 19, 20, 21)，出現回数: 2
パターン: (19, 7, 7, 20, 20)，出現回数: 1
パターン: (22, 5, 23, 23, 19, 19, 20, 20)，出現回数: 1
パターン: (5, 2, 2, 2, 2, 2, 15, 15, 16)，出現回数: 1
パターン: (6, 6, 19, 20, 20, 20, 20)，出現回数: 1
パターン: (4, 5, 6, 16, 23, 19, 19)，出現回数: 1
パターン: (4, 4, 5, 6, 6, 7, 7, 20, 20)，出現回数: 1
パターン: (23, 23, 15, 15, 16)，出現回数: 6
パターン: (4, 23, 15, 16, 16)，出現回数: 1
パターン: (22, 22, 22, 16, 16)，出現回数: 2
パターン: (23, 16, 19, 19, 19, 20, 21)，出現回数: 1
パターン: (4, 5, 6, 19, 7, 7, 21)，出現回数: 1
パターン: (6, 20, 20, 21, 21, 21)，出現回数: 2
パターン: (18, 19, 19, 19, 20)，出現回数: 1
パターン: (6, 7, 7, 20, 20)，出現回数: 1
パターン: (3, 5, 5, 6, 6, 7, 7, 21, 21)，出現回数: 1
パターン: (6, 19, 19, 21, 20)，出現回数: 1
パターン: (22, 5, 18, 19, 19, 19, 20, 20)，出現回数: 1
パターン: (5, 5, 6, 6, 6, 19, 7, 21, 21)，出現回数: 1
パターン: (2, 2, 2, 15, 15, 16, 16)，出現回数: 6
パターン: (5, 18, 15, 16, 16)，出現回数: 1
パターン: (5, 23, 4, 15, 15, 15, 16)，出現回数: 1
パターン: (3, 4, 5, 6, 6, 19, 20, 20)，出現回数: 1
パターン: (3, 4, 5, 6, 20, 20, 21, 21)，出現回数: 1
パターン: (22, 22, 22, 15, 15, 16, 16)，出現回数: 1
パターン: (4, 5, 18, 19, 19, 19, 20, 20, 20)，出現回数: 1
パターン: (1, 6, 20, 7, 21, 21)，出現回数: 4
パターン: (5, 6, 6, 20, 20, 20, 20)，出現回数: 3
パターン: (4, 22, 15, 23, 15, 16, 16)，出現回数: 1
パターン: (4, 5, 3, 2, 2, 2, 15, 15, 16)，出現回数: 1
パターン: (22, 5, 23, 15, 16, 16)，出現回数: 1
パターン: (4, 3, 2, 2, 15, 15, 16)，出現回数: 1
パターン: (4, 6, 20, 7, 7, 21)，出現回数: 1
パターン: (3, 22, 23, 23, 23, 19, 19, 20)，出現回数: 1
パターン: (23, 23, 19, 19, 20, 20)，出現回数: 2
パターン: (1, 2, 2, 2, 15, 15, 15, 15, 16)，出現回数: 1
パターン: (6, 19, 19, 19, 20)，出現回数: 1
パターン: (6, 6, 19, 21, 21, 21, 21)，出現回数: 1
パターン: (6, 6, 19, 20, 20)，出現回数: 2
パターン: (23, 19, 19, 20, 20)，出現回数: 7
パターン: (1, 1, 1, 1, 6, 20)，出現回数: 1
パターン: (22, 2, 22, 15, 15, 16)，出現回数: 1
パターン: (4, 6, 6, 19, 7, 21, 21)，出現回数: 1
パターン: (5, 6, 6, 6, 20, 20, 20)，出現回数: 5
パターン: (4, 4, 5, 6, 6, 19, 7, 21)，出現回数: 1
パターン: (2, 2, 2, 15, 15, 15, 16, 16)，出現回数: 3
パターン: (4, 5, 18, 23, 19, 19, 21, 21, 21)，出現回数: 1
パターン: (2, 4, 5, 5, 6, 6, 20, 20, 21)，出現回数: 1
パターン: (2, 5, 6, 6, 6, 19, 7, 21)，出現回数: 1
パターン: (5, 23, 23, 16, 19, 19, 21, 21)，出現回数: 1
パターン: (1, 6, 6, 20, 21, 21)，出現回数: 2
パターン: (4, 6, 6, 6, 19, 20, 21)，出現回数: 1
パターン: (16, 23, 19, 19, 20, 21)，出現回数: 2
パターン: (1, 5, 6, 20, 20, 7, 21)，出現回数: 1
パターン: (4, 5, 23, 19, 19, 21, 21, 21)，出現回数: 1
パターン: (6, 5, 20, 19, 20, 20)，出現回数: 1
パターン: (6, 23, 16, 19, 19, 20)，出現回数: 1
パターン: (1, 5, 6, 6, 19, 19, 20, 20, 21)，出現回数: 1
パターン: (6, 6, 6, 6, 20, 20, 21, 21)，出現回数: 1
パターン: (4, 5, 6, 6, 20, 7, 21)，出現回数: 1
パターン: (4, 5, 6, 6, 6, 20, 20, 20, 21)，出現回数: 1
パターン: (4, 15, 15, 15, 16)，出現回数: 3
パターン: (4, 4, 5, 6, 6, 20, 19, 7, 21)，出現回数: 1
パターン: (2, 2, 2, 2, 15, 15, 15, 16)，出現回数: 3
パターン: (4, 5, 5, 6, 6, 6, 20, 21, 21)，出現回数: 1
パターン: (23, 23, 19, 19, 7, 21)，出現回数: 1
パターン: (15, 15, 15, 15, 16)，出現回数: 5
パターン: (4, 23, 15, 15, 16, 16)，出現回数: 1
パターン: (5, 5, 6, 19, 7, 7, 21, 21)，出現回数: 1
パターン: (4, 4, 3, 3, 2, 15, 15, 16, 16)，出現回数: 1
パターン: (6, 20, 20, 20, 21, 21)，出現回数: 2
パターン: (3, 4, 5, 6, 6, 20, 20, 20)，出現回数: 1
パターン: (5, 5, 6, 6, 19, 7, 7, 21, 21)，出現回数: 2
パターン: (22, 22, 23, 19, 19, 19, 21)，出現回数: 1
パターン: (20, 20, 20, 19, 20, 20, 19)，出現回数: 1
パターン: (22, 22, 15, 16, 19, 19, 19, 20, 20)，出現回数: 1
パターン: (19, 5, 5, 16, 16, 16)，出現回数: 1
パターン: (22, 22, 16, 23, 19, 19, 20, 20)，出現回数: 1
パターン: (2, 22, 22, 15, 15, 16, 16)，出現回数: 1
パターン: (3, 3, 2, 2, 15, 15, 16)，出現回数: 1
パターン: (22, 18, 23, 20, 21)，出現回数: 1
パターン: (22, 15, 23, 15, 15, 16)，出現回数: 1
パターン: (5, 5, 6, 19, 19, 20, 21, 21)，出現回数: 1
パターン: (1, 1, 2, 2, 2, 15, 15, 16, 16)，出現回数: 4
パターン: (15, 22, 15, 23, 16)，出現回数: 1
パターン: (6, 6, 19, 20, 20, 21, 20)，出現回数: 1
パターン: (22, 22, 23, 23, 19, 20, 20, 21)，出現回数: 1
パターン: (15, 15, 15, 16, 16)，出現回数: 2
パターン: (6, 6, 20, 21, 21)，出現回数: 3
パターン: (1, 3, 6, 6, 20, 20, 20, 20)，出現回数: 1
パターン: (6, 19, 19, 20, 20)，出現回数: 3
パターン: (2, 22, 15, 16, 16)，出現回数: 5
パターン: (4, 3, 3, 2, 2, 15, 15, 16, 16)，出現回数: 1
パターン: (1, 2, 2, 15, 16, 16)，出現回数: 2
パターン: (22, 15, 15, 16, 16)，出現回数: 1
パターン: (4, 5, 23, 19, 19, 20)，出現回数: 1
パターン: (1, 2, 22, 22, 16)，出現回数: 1
パターン: (6, 6, 20, 20, 7, 21)，出現回数: 1
パターン: (3, 2, 2, 2, 15, 15, 16, 16)，出現回数: 2
パターン: (4, 5, 23, 15, 16, 16)，出現回数: 1
パターン: (4, 5, 6, 6, 20, 20, 20, 21)，出現回数: 1
パターン: (23, 18, 15, 15, 16, 16)，出現回数: 1
パターン: (4, 6, 6, 20, 20, 21)，出現回数: 1
パターン: (4, 5, 23, 23, 19, 19, 20, 21, 21)，出現回数: 1
パターン: (1, 6, 6, 7, 7, 21)，出現回数: 1
パターン: (4, 5, 5, 6, 20, 20, 20)，出現回数: 2
パターン: (6, 6, 6, 6, 20, 21, 21)，出現回数: 1
パターン: (4, 5, 6, 6, 19, 20, 7, 21)，出現回数: 1
パターン: (4, 5, 23, 6, 6, 20, 20, 20)，出現回数: 1
パターン: (5, 18, 6, 6, 20, 7, 7, 20)，出現回数: 1
パターン: (3, 3, 2, 2, 2, 15, 15, 16)，出現回数: 3
パターン: (2, 22, 22, 22, 15, 15, 16)，出現回数: 1
パターン: (3, 4, 5, 6, 6, 20, 21)，出現回数: 2
パターン: (5, 5, 23, 23, 19, 19, 19)，出現回数: 1
パターン: (1, 3, 4, 4, 5, 6, 6, 20, 21)，出現回数: 1
パターン: (5, 18, 15, 15, 16)，出現回数: 2
パターン: (22, 22, 23, 23, 16)，出現回数: 1
パターン: (4, 5, 6, 6, 19, 19, 20, 20)，出現回数: 1
パターン: (3, 22, 15, 16, 16)，出現回数: 1
パターン: (6, 6, 6, 20, 20)，出現回数: 5
パターン: (5, 6, 6, 6, 6, 20, 7, 21)，出現回数: 1
パターン: (1, 6, 20, 7, 7, 20)，出現回数: 1
パターン: (4, 23, 23, 16, 19, 19, 20, 21)，出現回数: 1
パターン: (5, 6, 6, 6, 20, 7, 21)，出現回数: 1
パターン: (4, 5, 6, 6, 20, 20, 21, 21)，出現回数: 2
パターン: (2, 2, 4, 23, 6, 6, 20, 20)，出現回数: 1
パターン: (2, 5, 5, 6, 20, 20, 21, 21)，出現回数: 1
パターン: (1, 5, 6, 6, 19, 7, 21)，出現回数: 1
パターン: (4, 6, 16, 23, 18, 15, 15, 16)，出現回数: 1
パターン: (23, 15, 15, 15, 15, 16)，出現回数: 1
パターン: (5, 6, 6, 19, 19, 7, 21, 21)，出現回数: 2
パターン: (3, 4, 23, 23, 19, 19, 20, 21)，出現回数: 1
パターン: (23, 19, 19, 19, 7, 21)，出現回数: 1
パターン: (23, 19, 20, 20, 20)，出現回数: 1
パターン: (22, 23, 6, 19, 19, 20)，出現回数: 1
パターン: (4, 23, 23, 19, 19, 20)，出現回数: 1
パターン: (22, 5, 23, 19, 19, 19, 21, 21, 21)，出現回数: 1
パターン: (3, 5, 5, 6, 6, 20, 21)，出現回数: 1
パターン: (5, 5, 6, 20, 20, 21, 21)，出現回数: 2
パターン: (22, 23, 23, 19, 20, 21)，出現回数: 1
パターン: (20, 20, 19, 19, 5, 5, 16, 16)，出現回数: 1
パターン: (22, 22, 15, 15, 16, 16)，出現回数: 2
パターン: (22, 22, 22, 22, 15, 16, 16)，出現回数: 1
パターン: (18, 2, 2, 2, 15, 16, 16, 16)，出現回数: 1
パターン: (2, 2, 2, 15, 16)，出現回数: 3
パターン: (5, 5, 23, 19, 19, 20)，出現回数: 1
パターン: (23, 23, 15, 23, 16, 16)，出現回数: 1
パターン: (2, 22, 15, 15, 16)，出現回数: 1
パターン: (4, 4, 23, 23, 19, 19, 19, 20)，出現回数: 1
パターン: (4, 5, 5, 6, 6, 20, 20, 20)，出現回数: 4
パターン: (22, 22, 15, 19, 19, 20, 20)，出現回数: 1
パターン: (6, 6, 6, 20, 20, 20, 20)，出現回数: 3
パターン: (3, 4, 5, 5, 6, 19, 20, 20)，出現回数: 1
パターン: (4, 23, 23, 15, 15, 16, 16)，出現回数: 1
パターン: (6, 20, 20, 21, 21)，出現回数: 6
パターン: (1, 6, 6, 20, 20, 20)，出現回数: 4
パターン: (3, 2, 2, 15, 15, 15, 16, 16)，出現回数: 1
パターン: (22, 23, 23, 20, 20, 20)，出現回数: 1
パターン: (3, 3, 23, 23, 19, 19)，出現回数: 1
パターン: (23, 18, 15, 15, 16)，出現回数: 2
パターン: (22, 22, 18, 19, 19, 20)，出現回数: 1
パターン: (22, 22, 23, 23, 19, 19, 20)，出現回数: 2
パターン: (3, 5, 23, 19, 19, 20)，出現回数: 1
パターン: (3, 4, 6, 6, 6, 20, 20, 21, 21)，出現回数: 1
パターン: (5, 16, 18, 19, 19, 19, 21, 7, 21)，出現回数: 1
パターン: (1, 2, 2, 2, 15, 16, 16)，出現回数: 1
パターン: (5, 15, 23, 19, 19, 19, 20, 20)，出現回数: 1
パターン: (4, 6, 6, 6, 19, 20, 7, 21)，出現回数: 1
パターン: (2, 23, 23, 23, 16)，出現回数: 1
パターン: (18, 15, 15, 16, 16)，出現回数: 2
パターン: (6, 5, 6, 19, 19, 19, 21, 21)，出現回数: 1
パターン: (4, 16, 15, 23, 16)，出現回数: 1
パターン: (4, 5, 18, 23, 15, 15, 15, 16)，出現回数: 1
パターン: (5, 6, 6, 19, 20, 20, 21)，出現回数: 1
パターン: (4, 5, 23, 19, 19, 21)，出現回数: 1
パターン: (5, 5, 6, 6, 19, 7, 21)，出現回数: 1
パターン: (15, 23, 23, 19, 19, 20, 20)，出現回数: 1
パターン: (4, 22, 15, 23, 23, 19, 20, 20)，出現回数: 1
パターン: (1, 3, 4, 5, 6, 6, 20, 20)，出現回数: 1
パターン: (6, 6, 19, 20, 21)，出現回数: 1
パターン: (23, 23, 19, 19, 19, 20, 20)，出現回数: 1
パターン: (5, 23, 23, 15, 15, 16)，出現回数: 1
パターン: (4, 23, 23, 19, 19, 19, 7, 21, 21)，出現回数: 1
パターン: (6, 19, 19, 20, 21)，出現回数: 2
パターン: (2, 3, 4, 5, 6, 6, 20, 7, 21)，出現回数: 1
パターン: (6, 19, 19, 7, 7, 7, 21)，出現回数: 1
パターン: (18, 23, 19, 19, 20, 21)，出現回数: 2
パターン: (2, 6, 6, 20, 21, 21)，出現回数: 1
パターン: (5, 23, 23, 19, 19, 21, 21, 21)，出現回数: 2
パターン: (22, 5, 18, 23, 19, 19, 20, 20, 20)，出現回数: 1
パターン: (3, 6, 20, 19, 7, 21)，出現回数: 1
パターン: (1, 6, 6, 20, 21, 21, 21)，出現回数: 1
パターン: (1, 1, 1, 2, 22, 15, 15, 16)，出現回数: 1
パターン: (5, 23, 23, 19, 20, 20)，出現回数: 5
パターン: (16, 19, 19, 20, 21)，出現回数: 1
パターン: (5, 5, 6, 20, 21, 21, 21)，出現回数: 2
パターン: (23, 19, 19, 19, 21, 21)，出現回数: 2
パターン: (3, 6, 6, 20, 20)，出現回数: 2
パターン: (2, 23, 19, 19, 16, 15, 15, 15, 16)，出現回数: 1
パターン: (2, 4, 5, 6, 6, 20)，出現回数: 1
パターン: (1, 4, 4, 4, 6, 20)，出現回数: 1
パターン: (7, 6, 6, 6, 20, 20, 21)，出現回数: 1
パターン: (22, 22, 23, 23, 19, 20, 20)，出現回数: 1
パターン: (23, 23, 19, 19, 20, 21, 21)，出現回数: 2
パターン: (5, 5, 23, 15, 15, 15, 16)，出現回数: 1
パターン: (3, 4, 6, 6, 6, 7, 21, 21)，出現回数: 1
パターン: (6, 6, 19, 7, 7, 7, 21)，出現回数: 1
パターン: (5, 18, 23, 19, 19, 20)，出現回数: 2
パターン: (5, 5, 6, 6, 20, 7, 21)，出現回数: 1
パターン: (22, 22, 22, 23, 23, 23, 15, 16)，出現回数: 1
パターン: (16, 5, 23, 23, 23, 18, 18, 16)，出現回数: 1
パターン: (4, 23, 18, 15, 15, 16)，出現回数: 1
パターン: (3, 4, 5, 6, 6, 20, 20, 20, 20)，出現回数: 1
パターン: (3, 22, 23, 15, 15, 15, 16)，出現回数: 1
パターン: (4, 23, 23, 19, 19, 20, 20)，出現回数: 1
パターン: (5, 6, 19, 19, 20, 20, 21)，出現回数: 1
パターン: (6, 23, 19, 19, 20)，出現回数: 1
パターン: (4, 5, 18, 18, 19, 19, 7, 21, 21)，出現回数: 1
パターン: (2, 3, 5, 5, 6, 20, 20)，出現回数: 1
パターン: (20, 19, 21, 21, 21)，出現回数: 1
パターン: (7, 19, 18, 15, 15, 16)，出現回数: 1
パターン: (4, 5, 23, 23, 19, 21)，出現回数: 1
パターン: (23, 15, 15, 15, 16)，出現回数: 4
パターン: (6, 6, 6, 20, 20, 21, 21)，出現回数: 1
パターン: (3, 4, 5, 6, 6, 20, 7, 21, 21)，出現回数: 1
パターン: (1, 4, 5, 6, 6, 20, 20, 21)，出現回数: 1
パターン: (22, 22, 16, 23, 19, 19, 20)，出現回数: 1
パターン: (4, 15, 15, 15, 15, 16)，出現回数: 2
パターン: (4, 5, 6, 19, 19, 7, 7, 21)，出現回数: 1
パターン: (1, 5, 6, 6, 20, 20)，出現回数: 1
パターン: (4, 5, 6, 6, 6, 6, 20, 20)，出現回数: 1
パターン: (3, 5, 5, 6, 6, 20, 21, 21, 21)，出現回数: 1
パターン: (16, 23, 19, 19, 21, 20)，出現回数: 1
パターン: (5, 5, 6, 6, 20, 20, 20)，出現回数: 1
パターン: (2, 2, 2, 22, 15, 16)，出現回数: 1
パターン: (1, 1, 22, 22, 22, 15, 15, 15, 16)，出現回数: 1
パターン: (20, 19, 7, 7, 7, 7)，出現回数: 1
パターン: (22, 5, 23, 19, 19)，出現回数: 1
パターン: (23, 23, 23, 15, 23)，出現回数: 1
パターン: (16, 16, 19, 19, 20, 20)，出現回数: 1
パターン: (4, 6, 20, 7, 21, 21)，出現回数: 2
パターン: (3, 2, 4, 5, 5, 6, 19, 20)，出現回数: 1
パターン: (5, 23, 19, 19, 19, 21, 21)，出現回数: 1
パターン: (6, 6, 6, 20, 20, 20)，出現回数: 4
パターン: (4, 6, 6, 20, 20, 20)，出現回数: 2
パターン: (3, 2, 2, 2, 15, 15, 15, 15, 16)，出現回数: 1
パターン: (16, 19, 19, 20, 20)，出現回数: 1
パターン: (23, 18, 19, 19, 20, 20)，出現回数: 2
パターン: (2, 4, 5, 5, 6, 19, 20)，出現回数: 1
パターン: (3, 4, 5, 5, 6, 20, 20, 20)，出現回数: 1
パターン: (18, 15, 15, 15, 16)，出現回数: 1
パターン: (6, 19, 19, 20, 20, 21)，出現回数: 1
パターン: (3, 5, 23, 19, 19, 20, 20)，出現回数: 1
パターン: (22, 23, 23, 15, 16)，出現回数: 2
パターン: (22, 22, 23, 19, 19, 20, 20)，出現回数: 1
パターン: (2, 23, 23, 19, 19, 20)，出現回数: 1
パターン: (23, 23, 19, 19, 21)，出現回数: 2
パターン: (6, 20, 7, 7, 21, 21)，出現回数: 1
パターン: (2, 5, 6, 6, 20, 20)，出現回数: 2
パターン: (5, 15, 6, 20, 7, 21, 21)，出現回数: 1
パターン: (2, 22, 22, 23, 19, 19, 20, 20)，出現回数: 1
パターン: (4, 5, 5, 6, 19, 20, 20, 21)，出現回数: 1
パターン: (4, 22, 23, 23, 19, 19, 19, 21, 21)，出現回数: 1
パターン: (2, 6, 6, 6, 20, 7, 7, 21)，出現回数: 1
パターン: (6, 7, 7, 21, 21, 21, 21)，出現回数: 1
パターン: (22, 15, 23, 19, 19, 19, 21, 21)，出現回数: 1
パターン: (5, 6, 18, 19, 20, 20)，出現回数: 1
パターン: (2, 22, 23, 23, 19, 19, 7, 21, 21)，出現回数: 1
パターン: (3, 23, 19, 19, 19, 20, 20, 21)，出現回数: 1
パターン: (23, 23, 19, 19, 19, 21, 21)，出現回数: 1
パターン: (1, 6, 6, 20, 7, 21, 21)，出現回数: 1
パターン: (2, 2, 22, 23, 15, 15, 16)，出現回数: 1
パターン: (20, 20, 7, 7, 20)，出現回数: 1
パターン: (4, 5, 23, 23, 23, 23, 16)，出現回数: 1
パターン: (23, 23, 19, 20, 7, 21)，出現回数: 1
パターン: (1, 1, 2, 2, 15, 15, 15, 16)，出現回数: 1
パターン: (4, 5, 3, 2, 2, 2, 15, 16, 16)，出現回数: 1
パターン: (4, 23, 15, 15, 15, 16)，出現回数: 1
パターン: (19, 19, 19, 20, 20)，出現回数: 1
パターン: (6, 6, 6, 20, 20, 21)，出現回数: 2
パターン: (1, 2, 3, 22, 23, 23, 19, 20, 21)，出現回数: 1
パターン: (6, 19, 20, 21, 21)，出現回数: 1
パターン: (23, 23, 15, 15, 15, 16)，出現回数: 2
パターン: (23, 16, 15, 15, 15, 15)，出現回数: 1
パターン: (5, 5, 18, 19, 19, 20)，出現回数: 1
パターン: (3, 23, 23, 19, 20, 21)，出現回数: 1
パターン: (5, 5, 6, 19, 20)，出現回数: 1
パターン: (2, 15, 15, 15, 16, 16, 16)，出現回数: 1
パターン: (5, 16, 15, 15, 16)，出現回数: 2
パターン: (3, 4, 5, 6, 6, 7, 21)，出現回数: 1
パターン: (1, 1, 1, 2, 22, 22, 16, 16)，出現回数: 1
パターン: (2, 22, 23, 23, 23, 19, 20, 20, 21)，出現回数: 1
パターン: (22, 22, 5, 23, 23, 19, 19, 20, 20)，出現回数: 1
パターン: (23, 4, 16, 18, 15, 15, 16)，出現回数: 1
パターン: (23, 23, 15, 16, 16, 16)，出現回数: 1
パターン: (6, 2, 2, 15, 15, 16, 16)，出現回数: 1
パターン: (2, 4, 5, 5, 6, 20, 20, 21, 21)，出現回数: 1
パターン: (4, 5, 5, 6, 6, 20, 20)，出現回数: 2
パターン: (1, 4, 5, 6, 6, 20, 20, 20, 21)，出現回数: 1
パターン: (4, 23, 23, 15, 23, 16, 16)，出現回数: 1
パターン: (23, 23, 19, 19, 20)，出現回数: 1
パターン: (5, 5, 6, 6, 6, 7, 21, 21)，出現回数: 1
パターン: (3, 6, 6, 20, 20, 21, 21, 21)，出現回数: 1
パターン: (4, 5, 18, 6, 19, 19, 21, 21, 21)，出現回数: 1
パターン: (22, 5, 23, 19, 19, 19, 20, 21)，出現回数: 1
パターン: (5, 6, 6, 20, 20, 21, 20)，出現回数: 1
パターン: (15, 23, 23, 19, 19, 21, 21)，出現回数: 1
パターン: (23, 23, 15, 23, 16)，出現回数: 2
パターン: (4, 23, 16, 19, 20, 21)，出現回数: 1
パターン: (3, 3, 3, 4, 20)，出現回数: 1
パターン: (22, 22, 18, 19, 19, 20, 21)，出現回数: 1
パターン: (5, 6, 6, 6, 6, 20, 21, 21)，出現回数: 1
パターン: (20, 19, 7, 21, 21)，出現回数: 1
パターン: (5, 18, 15, 15, 15, 16, 16)，出現回数: 1
パターン: (16, 15, 15, 15, 15, 16)，出現回数: 1
パターン: (3, 4, 5, 5, 6, 20, 20, 20, 20)，出現回数: 1
パターン: (20, 21, 21, 7, 7, 20)，出現回数: 1
パターン: (4, 5, 6, 6, 6, 20)，出現回数: 2
パターン: (22, 15, 23, 23, 19, 19, 19, 21)，出現回数: 1
パターン: (4, 5, 23, 19, 19, 20, 20)，出現回数: 1
パターン: (5, 5, 6, 6, 20, 20)，出現回数: 5
パターン: (1, 4, 4, 17, 6, 21)，出現回数: 1
パターン: (1, 2, 2, 2, 15, 15, 15, 16)，出現回数: 1
パターン: (23, 23, 19, 20, 21, 21)，出現回数: 1
パターン: (6, 20, 20, 20, 20, 21, 21, 21)，出現回数: 1
パターン: (1, 3, 22, 22, 15, 15, 16)，出現回数: 1
パターン: (5, 5, 5, 6, 20, 20, 20, 20)，出現回数: 1
パターン: (1, 6, 20, 20, 20)，出現回数: 2
パターン: (6, 20, 7, 7, 21, 20)，出現回数: 1
パターン: (1, 4, 4, 4, 6, 21)，出現回数: 1
パターン: (23, 23, 15, 15, 16, 16)，出現回数: 1
パターン: (4, 4, 5, 6, 6, 20, 20, 21, 21)，出現回数: 1
パターン: (4, 22, 23, 23, 19, 19, 20, 20)，出現回数: 2
パターン: (6, 6, 19, 20, 20, 20)，出現回数: 1
パターン: (2, 3, 5, 5, 6, 6, 20, 21)，出現回数: 1
パターン: (3, 6, 6, 20, 21, 20)，出現回数: 1
パターン: (1, 1, 1, 2, 2, 2, 15, 16, 16)，出現回数: 1
パターン: (6, 19, 7, 7, 21)，出現回数: 1
パターン: (6, 6, 19, 7, 7, 21)，出現回数: 1
パターン: (6, 19, 19, 21, 21)，出現回数: 1
パターン: (3, 3, 5, 5, 5, 6, 21, 7, 21)，出現回数: 1
パターン: (6, 20, 20, 19, 21, 21)，出現回数: 1
パターン: (1, 6, 19, 19, 7, 21)，出現回数: 1
パターン: (3, 3, 3, 4, 5, 6, 21)，出現回数: 1
パターン: (2, 2, 22, 22, 15, 16)，出現回数: 1
パターン: (5, 15, 15, 23, 16, 16)，出現回数: 1
パターン: (3, 5, 5, 6, 6, 20, 20, 21)，出現回数: 1
パターン: (5, 23, 18, 15, 15, 16)，出現回数: 1
パターン: (20, 19, 19, 19, 19, 20)，出現回数: 1
パターン: (3, 4, 5, 6, 6, 20, 20)，出現回数: 4
パターン: (3, 4, 5, 5, 6, 20, 7, 21)，出現回数: 1
パターン: (4, 5, 5, 6, 6, 20, 21, 21)，出現回数: 1
パターン: (4, 2, 23, 23, 23, 19, 19, 20)，出現回数: 1
パターン: (1, 1, 2, 2, 2, 15, 15, 16)，出現回数: 2
パターン: (15, 15, 18, 19, 19, 19, 20, 20)，出現回数: 1
パターン: (6, 6, 6, 20, 21, 21)，出現回数: 3
パターン: (22, 15, 15, 15, 15, 16)，出現回数: 1
パターン: (3, 22, 23, 23, 19, 19, 20, 21)，出現回数: 1
パターン: (15, 23, 19, 20, 20)，出現回数: 1
パターン: (19, 6, 19, 19, 19, 20, 20)，出現回数: 1
パターン: (4, 5, 23, 19, 19, 20, 20, 21)，出現回数: 1
パターン: (5, 18, 23, 15, 16, 16)，出現回数: 1
パターン: (5, 5, 15, 15, 16, 16)，出現回数: 1
パターン: (5, 6, 6, 20, 20, 7, 21)，出現回数: 1
パターン: (3, 3, 5, 5, 6, 20, 20, 20)，出現回数: 1
パターン: (4, 5, 6, 16, 18, 19, 19, 20, 20)，出現回数: 1
パターン: (4, 4, 5, 6, 6, 20, 21, 21)，出現回数: 3
パターン: (5, 6, 6, 19, 7, 21, 21)，出現回数: 1
パターン: (4, 4, 5, 6, 6, 20, 20, 20, 20)，出現回数: 1
パターン: (5, 18, 18, 19, 19, 20)，出現回数: 1
パターン: (3, 22, 23, 19, 19, 21)，出現回数: 2
パターン: (4, 5, 6, 6, 19, 20, 20)，出現回数: 1
パターン: (5, 6, 6, 20, 7, 7, 20, 20, 20)，出現回数: 1
パターン: (4, 5, 23, 6, 19, 19, 20, 7, 21)，出現回数: 1
パターン: (5, 5, 6, 6, 20, 7, 7, 21, 21)，出現回数: 1
パターン: (5, 6, 6, 6, 20, 20, 20, 20)，出現回数: 1
パターン: (19, 6, 20, 20, 21)，出現回数: 1
パターン: (22, 23, 23, 18, 19, 19, 21, 21)，出現回数: 1
パターン: (3, 3, 4, 5, 6, 6, 20, 7, 21)，出現回数: 1
パターン: (6, 6, 20, 20, 21, 21, 21)，出現回数: 1
パターン: (4, 5, 6, 6, 20, 19, 21, 21)，出現回数: 1
パターン: (5, 23, 18, 19, 19, 20)，出現回数: 1
パターン: (22, 4, 15, 15, 15, 16)，出現回数: 1
パターン: (22, 23, 23, 23, 15, 16)，出現回数: 1
パターン: (2, 5, 5, 6, 6, 20, 20, 20)，出現回数: 1
パターン: (1, 2, 22, 15, 16)，出現回数: 1
パターン: (4, 4, 15, 15, 15, 16)，出現回数: 1
パターン: (4, 4, 5, 5, 6, 21)，出現回数: 1
パターン: (23, 19, 19, 21, 21)，出現回数: 2
パターン: (6, 6, 5, 18, 15, 15, 16)，出現回数: 1
パターン: (5, 23, 15, 15, 16)，出現回数: 2
パターン: (5, 6, 6, 6, 19, 20, 21, 20)，出現回数: 1
パターン: (4, 23, 23, 15, 16)，出現回数: 2
パターン: (23, 19, 19, 19, 20)，出現回数: 2
パターン: (4, 18, 23, 23, 15, 16)，出現回数: 1
パターン: (5, 3, 2, 2, 2, 15, 15, 16)，出現回数: 1
パターン: (20, 20, 19, 19, 19, 5, 23, 16)，出現回数: 1
パターン: (1, 1, 2, 22, 22, 15, 16)，出現回数: 1
パターン: (2, 4, 5, 6, 6, 20, 20, 21, 21)，出現回数: 1
パターン: (5, 5, 18, 23, 19, 19, 20)，出現回数: 1
パターン: (3, 2, 2, 15, 15, 16, 16)，出現回数: 1
パターン: (16, 18, 19, 19, 19, 20, 20, 21)，出現回数: 1
パターン: (1, 1, 1, 2, 22, 22, 16)，出現回数: 1
パターン: (22, 23, 23, 23, 19, 19, 21, 21, 21)，出現回数: 1
パターン: (18, 19, 19, 20, 20)，出現回数: 1
パターン: (23, 23, 19, 20, 20, 21, 21)，出現回数: 1
パターン: (5, 16, 18, 19, 19, 19, 20, 20)，出現回数: 1
パターン: (22, 23, 15, 15, 15, 16)，出現回数: 1
パターン: (3, 23, 22, 2, 2, 22, 15, 16)，出現回数: 1
パターン: (5, 6, 6, 6, 20, 21, 21, 21)，出現回数: 1
パターン: (22, 23, 15, 15, 16)，出現回数: 2
パターン: (5, 16, 23, 19, 19, 21, 21)，出現回数: 1
パターン: (16, 15, 15, 16, 16)，出現回数: 1
パターン: (6, 19, 19, 19, 19, 20, 20)，出現回数: 1
パターン: (4, 16, 23, 19, 19, 19, 20, 21)，出現回数: 1
パターン: (1, 2, 20, 7, 20)，出現回数: 1
パターン: (23, 23, 19, 19, 19, 20)，出現回数: 1
パターン: (6, 6, 19, 7, 21, 21)，出現回数: 1
パターン: (5, 5, 6, 6, 20, 21, 21, 20)，出現回数: 1
パターン: (1, 3, 3, 3, 4, 20)，出現回数: 1
パターン: (5, 23, 23, 23, 19, 20, 21, 21)，出現回数: 1
パターン: (22, 2, 22, 15, 16, 16)，出現回数: 1
パターン: (4, 16, 23, 15, 16)，出現回数: 1
パターン: (6, 6, 6, 20, 21)，出現回数: 1
パターン: (5, 4, 15, 15, 15, 16)，出現回数: 1
パターン: (23, 23, 15, 16, 16)，出現回数: 1
パターン: (22, 23, 23, 19, 19, 20, 20, 21)，出現回数: 1
パターン: (4, 18, 18, 19, 19, 20, 20)，出現回数: 1
パターン: (6, 6, 20, 7, 21, 21)，出現回数: 1
パターン: (1, 6, 20, 7, 7, 7, 7, 21, 21)，出現回数: 1
パターン: (3, 5, 23, 23, 19, 19, 20, 21)，出現回数: 1
パターン: (5, 6, 20, 20, 7, 21)，出現回数: 1
パターン: (4, 5, 6, 6, 20, 20, 20, 20, 20)，出現回数: 1
パターン: (22, 22, 23, 23, 19, 19, 20, 20)，出現回数: 1
パターン: (3, 6, 6, 20, 20, 20)，出現回数: 1
パターン: (5, 5, 5, 23, 15, 15, 16)，出現回数: 1
パターン: (4, 5, 6, 6, 20, 20, 21, 20)，出現回数: 1
パターン: (2, 3, 4, 5, 6, 6, 20, 20)，出現回数: 1
パターン: (4, 5, 6, 6, 20, 20, 20, 20)，出現回数: 3
パターン: (4, 22, 23, 23, 19, 19, 20, 21)，出現回数: 1
パターン: (4, 6, 6, 20, 7, 21)，出現回数: 1
パターン: (6, 6, 6, 20, 20, 20, 21)，出現回数: 2
パターン: (4, 3, 2, 2, 2, 15, 15, 16)，出現回数: 1
パターン: (22, 22, 23, 23, 19, 19, 19, 21)，出現回数: 1
パターン: (16, 6, 19, 19, 20, 20)，出現回数: 1
パターン: (1, 6, 6, 20, 20, 20, 21)，出現回数: 1
パターン: (4, 4, 5, 23, 23, 19, 20, 20)，出現回数: 1
パターン: (3, 2, 2, 15, 15, 15, 16)，出現回数: 1
パターン: (23, 19, 19, 19, 20, 20)，出現回数: 5
パターン: (1, 6, 6, 20, 21)，出現回数: 1
パターン: (1, 1, 22, 22, 15, 16)，出現回数: 1
パターン: (1, 2, 2, 15, 15, 16, 16)，出現回数: 1
パターン: (5, 19, 20, 20, 21)，出現回数: 1
パターン: (5, 15, 23, 16, 16)，出現回数: 1
パターン: (2, 22, 23, 23, 6, 19, 19, 20, 21)，出現回数: 1
パターン: (1, 6, 20, 7, 21)，出現回数: 1
パターン: (6, 19, 19, 19, 20, 20)，出現回数: 1
パターン: (4, 5, 6, 6, 6, 6, 20, 20, 20)，出現回数: 1
パターン: (3, 5, 5, 5, 16)，出現回数: 1
パターン: (3, 22, 5, 23, 19, 19, 7, 21, 21)，出現回数: 1
パターン: (4, 5, 23, 23, 15, 16, 16, 16)，出現回数: 1
パターン: (4, 5, 6, 6, 6, 19, 20, 20, 20)，出現回数: 1
パターン: (5, 6, 6, 19, 7, 7, 21, 20, 20)，出現回数: 1
パターン: (1, 6, 20, 19, 7, 21, 20)，出現回数: 1
パターン: (3, 4, 5, 23, 6, 20, 21)，出現回数: 1
パターン: (20, 7, 7, 21, 20)，出現回数: 1
パターン: (2, 15, 15, 15, 16, 16)，出現回数: 1
パターン: (2, 2, 2, 4, 15, 16, 16)，出現回数: 1
パターン: (4, 5, 6, 6, 19, 7, 20, 20)，出現回数: 1
パターン: (4, 5, 6, 6, 20, 21)，出現回数: 1
パターン: (2, 4, 5, 6, 6, 20, 20)，出現回数: 2
パターン: (5, 18, 19, 19, 21)，出現回数: 1
パターン: (4, 4, 23, 15, 15, 16)，出現回数: 1
パターン: (6, 6, 6, 20, 21, 21, 20)，出現回数: 1
パターン: (6, 20, 20, 21, 7, 7, 21, 20)，出現回数: 1
パターン: (4, 5, 6, 6, 6, 20, 20, 20)，出現回数: 1
パターン: (22, 23, 23, 19, 19, 19, 20, 20, 20)，出現回数: 1
パターン: (5, 6, 6, 6, 20, 20, 21)，出現回数: 2
パターン: (6, 20, 7, 21, 21)，出現回数: 1
パターン: (20, 20, 19, 19, 5, 5, 16)，出現回数: 1
パターン: (19, 7, 7, 21, 20)，出現回数: 1
パターン: (2, 22, 23, 23, 23, 19, 19, 20, 21)，出現回数: 1
パターン: (20, 20, 20, 6, 5, 16)，出現回数: 1
パターン: (1, 2, 22, 22, 15, 15, 16)，出現回数: 1
パターン: (16, 18, 23, 19, 20, 20)，出現回数: 1
パターン: (4, 5, 5, 6, 6, 19, 7, 21)，出現回数: 1
パターン: (16, 23, 15, 15, 16)，出現回数: 1
パターン: (4, 3, 2, 2, 2, 15, 16, 16)，出現回数: 1
パターン: (5, 5, 23, 15, 23, 16, 16)，出現回数: 1
パターン: (2, 3, 5, 6, 6, 6, 20, 21, 21)，出現回数: 1
パターン: (4, 5, 6, 6, 20)，出現回数: 1
パターン: (22, 5, 20, 19, 19, 21, 21)，出現回数: 1
パターン: (23, 23, 19, 20, 20)，出現回数: 1
パターン: (23, 23, 23, 15, 15, 16, 16)，出現回数: 1
パターン: (22, 22, 18, 23, 19, 19, 7, 21, 21)，出現回数: 1
パターン: (4, 22, 15, 18, 19, 20, 20)，出現回数: 1
パターン: (2, 22, 23, 23, 19, 20)，出現回数: 1
パターン: (2, 22, 22, 23, 23, 19, 19, 21, 21)，出現回数: 1
パターン: (1, 6, 6, 20, 7, 20, 21, 21)，出現回数: 1
パターン: (15, 23, 19, 20, 7, 21)，出現回数: 1
パターン: (6, 6, 6, 7, 7, 21)，出現回数: 1
パターン: (7, 5, 15, 15, 23, 16)，出現回数: 1
パターン: (3, 5, 18, 15, 23, 15, 16)，出現回数: 1
パターン: (3, 6, 6, 7, 7, 21)，出現回数: 1
パターン: (3, 22, 22, 23, 19, 19, 19, 20)，出現回数: 1
パターン: (6, 6, 7, 7, 21, 21)，出現回数: 1
パターン: (5, 23, 19, 19, 20, 21)，出現回数: 1
パターン: (1, 2, 22, 22, 16, 16)，出現回数: 1
パターン: (1, 1, 1, 2, 2, 2, 15, 15, 16)，出現回数: 1
パターン: (5, 6, 23, 19, 20)，出現回数: 1
パターン: (3, 2, 2, 2, 15, 16)，出現回数: 1
パターン: (4, 5, 6, 6, 19, 7, 7, 21)，出現回数: 1
パターン: (1, 6, 20, 20, 21)，出現回数: 1
パターン: (23, 19, 19, 7, 21)，出現回数: 1
パターン: (22, 23, 23, 19, 19, 19, 7, 7, 21)，出現回数: 1
パターン: (5, 6, 6, 20, 20)，出現回数: 1
パターン: (5, 16, 5, 5, 23, 16)，出現回数: 1
パターン: (4, 23, 6, 19, 18, 19, 19, 20, 21)，出現回数: 1
パターン: (2, 3, 5, 5, 6, 6, 20)，出現回数: 1
パターン: (2, 22, 23, 23, 19, 19, 20, 20)，出現回数: 1
パターン: (5, 15, 15, 15, 15, 15, 16)，出現回数: 1
パターン: (4, 6, 2, 2, 15, 15, 16)，出現回数: 1
パターン: (23, 18, 18, 19, 19, 20, 20)，出現回数: 1
パターン: (23, 15, 15, 15, 15, 15, 15, 16, 16)，出現回数: 1
パターン: (5, 6, 6, 19, 20, 20, 21, 21)，出現回数: 1
パターン: (5, 6, 6, 19, 20, 20, 20)，出現回数: 1
パターン: (2, 4, 5, 6, 6, 20, 21, 21)，出現回数: 1
パターン: (4, 5, 6, 6, 20, 21, 21)，出現回数: 1
パターン: (5, 5, 6, 19, 7, 7, 7, 21)，出現回数: 1
パターン: (7, 7, 7, 21, 21, 21)，出現回数: 1
パターン: (22, 23, 23, 23, 19, 20, 20, 21)，出現回数: 1
パターン: (1, 4, 5, 6, 6, 20, 21, 21)，出現回数: 1
パターン: (4, 15, 23, 23, 20, 21)，出現回数: 1
パターン: (3, 3, 5, 5, 6, 20, 20, 21, 21)，出現回数: 1
パターン: (5, 16, 23, 19, 20, 20)，出現回数: 1
パターン: (1, 5, 6, 6, 20, 20, 21)，出現回数: 1
パターン: (5, 6, 20, 7, 21)，出現回数: 1
パターン: (3, 22, 22, 23, 23, 19, 19, 21, 21)，出現回数: 1
パターン: (5, 4, 15, 15, 15, 15, 16)，出現回数: 1
パターン: (5, 6, 6, 6, 6, 19, 20, 21, 21)，出現回数: 1
パターン: (22, 23, 22, 22, 22, 15, 16, 16)，出現回数: 1
パターン: (3, 22, 16, 23, 19, 19, 20, 21)，出現回数: 1
パターン: (5, 5, 23, 23, 23, 16)，出現回数: 1
パターン: (4, 4, 23, 23, 23, 19, 19, 20)，出現回数: 1
パターン: (4, 23, 23, 15, 16, 16)，出現回数: 1
パターン: (23, 22, 16, 16, 16)，出現回数: 1
パターン: (4, 5, 23, 23, 19, 19, 20, 20)，出現回数: 1
パターン: (1, 3, 23, 23, 23, 23, 15, 16, 16)，出現回数: 1
パターン: (1, 23, 19, 19, 19, 20)，出現回数: 1
パターン: (5, 19, 19, 21, 20)，出現回数: 1
パターン: (23, 19, 19, 20, 7, 21)，出現回数: 1
パターン: (1, 1, 1, 2, 2, 15, 15, 15, 16)，出現回数: 1
パターン: (3, 22, 5, 18, 19, 19, 19, 7, 21)，出現回数: 1
パターン: (5, 5, 6, 20, 19, 7, 7, 21, 21)，出現回数: 1
パターン: (4, 5, 23, 19, 19, 20, 21)，出現回数: 2
パターン: (4, 22, 23, 15, 15, 16)，出現回数: 1
パターン: (4, 4, 23, 23, 19, 19, 20)，出現回数: 1
パターン: (5, 6, 6, 19, 19, 20, 20, 20)，出現回数: 1
パターン: (6, 6, 20, 20, 20, 21)，出現回数: 1
パターン: (5, 6, 6, 19, 19, 7, 7, 21)，出現回数: 1
パターン: (15, 23, 6, 19, 19, 20, 20)，出現回数: 1
パターン: (23, 19, 19, 19, 19, 20)，出現回数: 1
パターン: (22, 23, 23, 19, 19, 20, 20)，出現回数: 1
パターン: (5, 16, 23, 19, 19, 20, 20, 20)，出現回数: 1
パターン: (6, 19, 7, 21, 20)，出現回数: 1
パターン: (22, 3, 22, 23, 19, 19, 20, 21)，出現回数: 1
パターン: (5, 18, 18, 15, 16, 16)，出現回数: 1
パターン: (4, 6, 6, 19, 19, 7, 7, 21)，出現回数: 1
パターン: (22, 5, 23, 23, 19, 20)，出現回数: 1
パターン: (5, 5, 15, 15, 15, 16)，出現回数: 1
パターン: (4, 5, 23, 15, 15, 16)，出現回数: 1
パターン: (5, 6, 20, 20, 20, 20)，出現回数: 1
パターン: (4, 4, 4, 4, 20, 21)，出現回数: 1
パターン: (21, 21, 7, 20, 20, 20)，出現回数: 1
パターン: (3, 5, 5, 6, 6, 20, 20, 20, 21)，出現回数: 1
パターン: (18, 16, 5, 16, 15, 16)，出現回数: 1
パターン: (22, 23, 16, 19, 19, 19, 20)，出現回数: 1
パターン: (20, 20, 7, 7, 7, 6, 20)，出現回数: 1
パターン: (3, 22, 22, 15, 16)，出現回数: 1
パターン: (5, 22, 23, 19, 19, 19)，出現回数: 1
パターン: (5, 23, 19, 19, 19, 20)，出現回数: 1
パターン: (3, 4, 5, 6, 6, 7, 7, 21)，出現回数: 1
パターン: (22, 22, 23, 19, 19, 7, 21)，出現回数: 1
パターン: (4, 5, 23, 15, 15, 15, 16)，出現回数: 1
パターン: (5, 6, 6, 6, 20, 21, 21)，出現回数: 1
パターン: (6, 4, 15, 15, 16)，出現回数: 1
パターン: (22, 6, 19, 19, 20)，出現回数: 1
パターン: (5, 15, 23, 15, 15, 16)，出現回数: 1
パターン: (23, 19, 19, 19, 19, 21, 21, 21)，出現回数: 1
パターン: (1, 2, 3, 4, 6, 21)，出現回数: 1
パターン: (3, 22, 22, 15, 16, 16)，出現回数: 1
パターン: (18, 23, 19, 19, 20)，出現回数: 1
パターン: (4, 5, 5, 6, 19, 20, 20, 20)，出現回数: 1
パターン: (4, 18, 15, 15, 15, 16)，出現回数: 1
パターン: (6, 6, 19, 19, 7, 7, 21)，出現回数: 1
パターン: (2, 2, 3, 5, 6, 6, 20, 21, 21)，出現回数: 1
パターン: (4, 5, 6, 6, 19, 21, 21)，出現回数: 1
パターン: (22, 23, 15, 23, 19, 20)，出現回数: 1
パターン: (3, 4, 5, 6, 19, 7, 21)，出現回数: 2
パターン: (2, 2, 22, 15, 15, 15, 15, 16)，出現回数: 1
パターン: (2, 4, 23, 23, 23, 19, 20, 20)，出現回数: 1
パターン: (22, 5, 23, 19, 19, 20)，出現回数: 1
パターン: (5, 5, 15, 15, 15, 15, 16)，出現回数: 1
パターン: (22, 22, 23, 15, 16)，出現回数: 1
パターン: (1, 5, 6, 6, 6, 20, 20)，出現回数: 1
パターン: (1, 6, 6, 6, 6, 21)，出現回数: 1
パターン: (15, 15, 15, 15, 16, 16)，出現回数: 1
パターン: (4, 16, 15, 15, 15, 16, 16)，出現回数: 1
パターン: (1, 5, 6, 6, 20, 20, 20, 20)，出現回数: 1
パターン: (2, 15, 15, 15, 23)，出現回数: 1
パターン: (4, 5, 6, 6, 20, 20, 21)，出現回数: 1
パターン: (4, 5, 15, 15, 16)，出現回数: 1
パターン: (20, 20, 21, 20, 6)，出現回数: 1
パターン: (6, 6, 7, 21, 21, 21)，出現回数: 1
パターン: (4, 4, 5, 6, 6, 20, 20, 20)，出現回数: 1
パターン: (2, 2, 2, 2, 2, 2, 3, 21)，出現回数: 1
パターン: (3, 4, 5, 6, 6, 6, 20, 20, 20)，出現回数: 1
パターン: (22, 23, 23, 19, 19, 21, 21)，出現回数: 1
パターン: (2, 22, 23, 23, 23, 19, 20, 21)，出現回数: 1
パターン: (4, 6, 6, 19, 7, 7, 21)，出現回数: 1
パターン: (1, 1, 1, 2, 22, 22, 15, 16)，出現回数: 1
パターン: (4, 23, 23, 23, 19, 19, 7, 21, 21)，出現回数: 1
パターン: (5, 16, 18, 15, 15, 16)，出現回数: 1
パターン: (6, 6, 19, 19, 21, 21)，出現回数: 1
パターン: (2, 6, 6, 19, 20, 20, 21)，出現回数: 1
パターン: (5, 6, 6, 6, 19, 21, 21)，出現回数: 1
パターン: (1, 1, 2, 2, 15, 15, 16)，出現回数: 1
パターン: (6, 20, 19, 21, 21, 21)，出現回数: 1
パターン: (4, 4, 5, 6, 6, 6, 20, 20, 20)，出現回数: 1
パターン: (23, 19, 19, 19, 19, 20, 20)，出現回数: 1
パターン: (5, 6, 20, 20, 21, 21)，出現回数: 1
パターン: (5, 2, 2, 22, 2, 15, 15, 15, 16)，出現回数: 1
パターン: (6, 6, 6, 20, 19, 20, 20, 20)，出現回数: 1
パターン: (3, 4, 5, 6, 20, 20)，出現回数: 1
パターン: (23, 18, 23, 19, 19, 20, 20)，出現回数: 1
パターン: (19, 6, 20, 20, 20, 21)，出現回数: 1
パターン: (3, 5, 6, 6, 6, 20, 20, 20)，出現回数: 1
パターン: (5, 6, 23, 19, 20, 20)，出現回数: 1
パターン: (4, 5, 5, 6, 6, 6, 20, 20, 20)，出現回数: 1
パターン: (6, 6, 7, 21, 21)，出現回数: 1
パターン: (4, 4, 5, 6, 6, 20, 7, 21)，出現回数: 1
パターン: (4, 16, 18, 23, 15, 16)，出現回数: 1
パターン: (2, 3, 5, 6, 6, 20, 20, 21, 21)，出現回数: 1
パターン: (23, 19, 19, 20, 20, 20)，出現回数: 1
パターン: (6, 7, 7, 21, 21)，出現回数: 1
